%===MATLAB generated Constraint file===

function [c ceq] = const_fun(x)

%%Definition og variables
%First nG variables are real power generation. nG to nG+2*nL are variables for line flows. nG+2nL+nB are the voltages
%%Equality constraints
%Power Balance Equations
ceq = [x(1)-0.0000-x(4)-x(6)-x(8)-0; 
x(2)-0.0000-x(10)-x(12)-x(14)-x(16)-x(5)-0; 
x(3)-0.0000-x(18)-x(20)-x(11)-0; 
0-0.7000-x(22)-x(7)-x(13)-0; 
0-0.7000-x(24)-x(9)-x(15)-x(19)-x(23)-0; 
0-0.7000-x(17)-x(21)-x(25)-0; 
%Power Flow Equations
x(4)-x(26)*(x(26)-x(27))/0.1000 ;
x(5)-x(27)*(x(27)-x(26))/0.1000 ;
x(6)-x(26)*(x(26)-x(29))/0.0500 ;
x(7)-x(29)*(x(29)-x(26))/0.0500 ;
x(8)-x(26)*(x(26)-x(30))/0.0800 ;
x(9)-x(30)*(x(30)-x(26))/0.0800 ;
x(10)-x(27)*(x(27)-x(28))/0.0500 ;
x(11)-x(28)*(x(28)-x(27))/0.0500 ;
x(12)-x(27)*(x(27)-x(29))/0.0500 ;
x(13)-x(29)*(x(29)-x(27))/0.0500 ;
x(14)-x(27)*(x(27)-x(30))/0.1000 ;
x(15)-x(30)*(x(30)-x(27))/0.1000 ;
x(16)-x(27)*(x(27)-x(31))/0.0700 ;
x(17)-x(31)*(x(31)-x(27))/0.0700 ;
x(18)-x(28)*(x(28)-x(30))/0.1200 ;
x(19)-x(30)*(x(30)-x(28))/0.1200 ;
x(20)-x(28)*(x(28)-x(31))/0.0200 ;
x(21)-x(31)*(x(31)-x(28))/0.0200 ;
x(22)-x(29)*(x(29)-x(30))/0.2000 ;
x(23)-x(30)*(x(30)-x(29))/0.2000 ;
x(24)-x(30)*(x(30)-x(31))/0.1000 ;
x(25)-x(31)*(x(31)-x(30))/0.1000 ];
c=[];