%===MATLAB generated Objective file===

function f = obj_fun(x)

f = 11.6690*x(1)+213.1000+ ... 
10.3330*x(2)+200.0000+ ... 
10.8330*x(3)+240.0000; 
